1 -45.7353
2 49.0793
3 80.1105
4 59.2272
5 -16.3624
6 53.2593
7 77.6329
8 8.68985
9 -98.6796
10 27.3484
11 53.3739
12 -69.816
13 96.8117
14 -91.9835
15 -45.7114
16 -24.5734
17 77.2368
18 17.6996
19 -59.7011
20 17.6205
21 -34.2841
22 62.7166
23 -3.31048
24 74.1763
25 -57.5239
26 -58.684
27 64.3088
28 -45.5501
29 45.3846
30 90.2769
31 -31.7964
32 58.6509
33 68.6379
34 -12.5417
35 -78.2616
36 8.27835
37 -75.4777
38 -9.10993
39 -86.7017
40 4.39124
41 -76.0439
42 -26.4227
43 -79.2855
44 66.2762
45 -53.7026
46 -90.7436
47 -23.3826
48 -3.52671
49 -77.8612
50 68.0557
